{"2/0": [{"bbox_est": [399.64288330078125, 157.32144165039062, 30.333343505859375, 41.16667175292969], "obj_id": 1, "pose_est": [[0.37439846992492676, 0.919758141040802, 0.11777427047491074, 0.19685295224189758], [0.4473218321800232, -0.06789436936378479, -0.8917922973632812, -0.1462620049715042], [-0.812237024307251, 0.38656869530677795, -0.43684741854667664, 1.252940058708191]], "pose_refine": [[0.27795153856277466, 0.9394420981407166, 0.20047709345817566, 0.19783471524715424], [0.5547121167182922, 0.013412952423095703, -0.8319342136383057, -0.1484479308128357], [-0.7842432856559753, 0.34244462847709656, -0.5173918604850769, 1.2627122402191162]], "score": 0.7861328125}], "2/1": [{"bbox_est": [372.2768249511719, 181.577392578125, 33.63690185546875, 45.98809814453125], "obj_id": 1, "pose_est": [[0.8235093355178833, 0.5350987315177917, -0.18841931223869324, 0.12272999435663223], [0.23887017369270325, -0.628319263458252, -0.7403755187988281, -0.07473165541887283], [-0.5145615339279175, 0.564698338508606, -0.6452458500862122, 1.059635043144226]], "pose_refine": [[0.853649914264679, 0.5204816460609436, -0.019518602639436722, 0.12760533392429352], [0.3262326121330261, -0.5635206699371338, -0.7589573264122009, -0.07608233392238617], [-0.4060225188732147, 0.6415161490440369, -0.6508473753929138, 1.0923596620559692]], "score": 0.7642793655395508}], "2/2": [{"bbox_est": [380.90032958984375, 176.90476989746094, 27.818450927734375, 48.19047546386719], "obj_id": 1, "pose_est": [[0.8116047978401184, 0.578580379486084, -0.0808849036693573, 0.13052397966384888], [0.43394747376441956, -0.689748227596283, -0.5796006321907043, -0.0859728455543518], [-0.3911357820034027, 0.4353068470954895, -0.8108765482902527, 1.0797476768493652]], "pose_refine": [[0.8015149831771851, 0.5904765725135803, -0.09439907968044281, 0.13508851826190948], [0.4446362555027008, -0.6940668225288391, -0.5661886930465698, -0.08715878427028656], [-0.39984044432640076, 0.4118354022502899, -0.8188523054122925, 1.101529598236084]], "score": 0.7620348930358887}], "2/4": [{"bbox_est": [351.97918701171875, 195.1636962890625, 20.422637939453125, 45.00596618652344], "obj_id": 1, "pose_est": [[0.8768513798713684, 0.48027303814888, -0.02166641876101494, 0.06598621606826782], [0.3862791955471039, -0.7306413054466248, -0.5629845857620239, -0.055485453456640244], [-0.28621670603752136, 0.4852845072746277, -0.8261833190917969, 1.1168670654296875]], "pose_refine": [[0.8940497040748596, 0.44760701060295105, -0.017974451184272766, 0.062335170805454254], [0.37250274419784546, -0.7651262879371643, -0.525188684463501, -0.05617905408143997], [-0.2488308846950531, 0.4628492593765259, -0.8507958650588989, 1.1312663555145264]], "score": 0.2245616912841797}], "2/5": [{"bbox_est": [348.62353515625, 169.8660888671875, 23.32440185546875, 47.98213195800781], "obj_id": 1, "pose_est": [[0.8373976349830627, 0.5465741157531738, 0.004689140245318413, 0.058785274624824524], [0.4811377227306366, -0.7330184578895569, -0.4808226227760315, -0.09756933152675629], [-0.25936800241470337, 0.4048958420753479, -0.8768052458763123, 1.044370412826538]], "pose_refine": [[0.8617044687271118, 0.5069972276687622, 0.020477144047617912, 0.05561675876379013], [0.46704575419425964, -0.7767353653907776, -0.4225528836250305, -0.09621158987283707], [-0.19832783937454224, 0.37367936968803406, -0.9061070680618286, 1.026963233947754]], "score": 0.7897553443908691}], "2/6": [{"bbox_est": [332.2098388671875, 191.07144165039062, 24.72320556640625, 46.04762268066406], "obj_id": 1, "pose_est": [[0.8355343341827393, 0.5480608344078064, 0.03887902945280075, 0.03061250038444996], [0.5008164048194885, -0.7305824756622314, -0.46414658427238464, -0.06220643222332001], [-0.22597625851631165, 0.40728169679641724, -0.884904682636261, 1.064368724822998]], "pose_refine": [[0.8255971074104309, 0.5626744031906128, 0.04226582869887352, 0.029257837682962418], [0.5185223817825317, -0.7270034551620483, -0.4501115083694458, -0.06316083669662476], [-0.22253893315792084, 0.39352676272392273, -0.8919717073440552, 1.074143648147583]], "score": 0.07487607002258301}], "2/7": [{"bbox_est": [322.5818786621094, 200.68453979492188, 22.07440185546875, 40.630950927734375], "obj_id": 1, "pose_est": [[0.8490537405014038, 0.5257861614227295, 0.0515415333211422, 0.011783343739807606], [0.4851289391517639, -0.7373141646385193, -0.47012510895729065, -0.04654484987258911], [-0.20918293297290802, 0.4241657555103302, -0.8810935616493225, 1.097874641418457]], "pose_refine": [[0.8445099592208862, 0.5329259037971497, 0.052848219871520996, 0.01041768305003643], [0.49866431951522827, -0.7465364336967468, -0.44047391414642334, -0.04807001352310181], [-0.1952868402004242, 0.39833804965019226, -0.8962085247039795, 1.1118501424789429]], "score": 0.02730041742324829}], "2/9": [{"bbox_est": [303.8988342285156, 217.39584350585938, 34.678558349609375, 41.494049072265625], "obj_id": 1, "pose_est": [[0.8532621264457703, 0.5214075446128845, 0.008826352655887604, -0.003890926018357277], [0.5062222480773926, -0.8241101503372192, -0.25412893295288086, -0.016409313306212425], [-0.12523086369037628, 0.2213066816329956, -0.9671300649642944, 1.0803231000900269]], "pose_refine": [[0.8753740191459656, 0.4833928644657135, -0.007188009563833475, -0.005240078084170818], [0.46597808599472046, -0.8476116061210632, -0.25380900502204895, -0.01534119900316], [-0.12878213822841644, 0.21882839500904083, -0.9672278761863708, 1.0677313804626465]], "score": 0.951195478439331}], "2/10": [{"bbox_est": [308.77978515625, 211.84524536132812, 32.53570556640625, 41.64286804199219], "obj_id": 1, "pose_est": [[0.8858823776245117, 0.46058717370033264, 0.05542472004890442, 0.0001248318440048024], [0.4522153437137604, -0.8307084441184998, -0.32469186186790466, -0.02586227096617222], [-0.10350710898637772, 0.3127026855945587, -0.9441945552825928, 1.059476375579834]], "pose_refine": [[0.8771601915359497, 0.4793500602245331, 0.02852660045027733, 0.0007068528211675584], [0.4637657403945923, -0.83024001121521, -0.30922985076904297, -0.026544708758592606], [-0.1245453953742981, 0.2844737470149994, -0.9505594968795776, 1.072748064994812]], "score": 0.9346020221710205}], "2/11": [{"bbox_est": [352.075927734375, 223.57144165039062, 28.32440185546875, 46.76190185546875], "obj_id": 1, "pose_est": [[0.7372941970825195, 0.6754463911056519, 0.013020687736570835, 0.07426317036151886], [0.5607487559318542, -0.6011176705360413, -0.569401741027832, -0.00025606073904782534], [-0.376773476600647, 0.4271179437637329, -0.8219561576843262, 1.0820908546447754]], "pose_refine": [[0.7379072904586792, 0.6746615171432495, -0.01801939681172371, 0.07435600459575653], [0.5610306262969971, -0.6280276775360107, -0.5392829179763794, -0.0008780971984378994], [-0.3751501441001892, 0.38783136010169983, -0.8419318199157715, 1.0916556119918823]], "score": 0.9350900650024414}], "2/12": [{"bbox_est": [353.9285888671875, 218.27381896972656, 30.809539794921875, 48.78572082519531], "obj_id": 1, "pose_est": [[0.6811636686325073, 0.7321037650108337, -0.006333012133836746, 0.0853957086801529], [0.5543739199638367, -0.5214117765426636, -0.648690402507782, -0.009532063268125057], [-0.47821083664894104, 0.4383534789085388, -0.7610260248184204, 1.1128954887390137]], "pose_refine": [[0.6875147223472595, 0.7250524759292603, -0.04028427228331566, 0.08474840968847275], [0.5588705539703369, -0.5637267827987671, -0.6081743836402893, -0.009861764498054981], [-0.46366748213768005, 0.39561498165130615, -0.7927806973457336, 1.1084548234939575]], "score": 0.93896484375}], "2/13": [{"bbox_est": [369.47918701171875, 218.18453979492188, 40.184539794921875, 51.345245361328125], "obj_id": 1, "pose_est": [[0.7531397938728333, 0.650722086429596, -0.09665051102638245, 0.13565979897975922], [0.3703984022140503, -0.5408592224121094, -0.7551664113998413, -0.004758692812174559], [-0.543677806854248, 0.5329466462135315, -0.6483689546585083, 1.110099196434021]], "pose_refine": [[0.7640314102172852, 0.6392455697059631, -0.08730068802833557, 0.13339950144290924], [0.3839713931083679, -0.5592631101608276, -0.734704852104187, -0.004882257431745529], [-0.5184808969497681, 0.5278164744377136, -0.6727464199066162, 1.1110432147979736]], "score": 0.9326498508453369}], "2/14": [{"bbox_est": [387.0238342285156, 228.42263793945312, 34.142852783203125, 51.345245361328125], "obj_id": 1, "pose_est": [[0.7728065252304077, 0.626508355140686, -0.10127925872802734, 0.15471813082695007], [0.3230573832988739, -0.5257086753845215, -0.7869334816932678, 0.014292118139564991], [-0.5462637543678284, 0.5754283666610718, -0.6086692214012146, 1.11001455783844]], "pose_refine": [[0.7765535712242126, 0.6199666261672974, -0.11227733641862869, 0.15456300973892212], [0.29669851064682007, -0.5170422792434692, -0.8028931617736816, 0.0158736240118742], [-0.555819034576416, 0.5901769995689392, -0.5854541659355164, 1.1113951206207275]], "score": 0.91650390625}], "2/15": [{"bbox_est": [382.827392578125, 249.58334350585938, 37.773834228515625, 52.357147216796875], "obj_id": 1, "pose_est": [[0.7548810839653015, 0.643771231174469, -0.12535309791564941, 0.14819371700286865], [0.26591700315475464, -0.47513487935066223, -0.8387700319290161, 0.055198121815919876], [-0.5995355248451233, 0.5998380780220032, -0.5298599600791931, 1.1026298999786377]], "pose_refine": [[0.7781975269317627, 0.6120660305023193, -0.14065474271774292, 0.14787983894348145], [0.21336494386196136, -0.4683142602443695, -0.8574129343032837, 0.05701739713549614], [-0.5906639695167542, 0.6372259259223938, -0.49503445625305176, 1.0998566150665283]], "score": 0.921875}], "2/16": [{"bbox_est": [376.2351379394531, 222.1428680419922, 33.81549072265625, 51.04762268066406], "obj_id": 1, "pose_est": [[0.8167774677276611, 0.5739018321037292, -0.05925538018345833, 0.135702446103096], [0.23645739257335663, -0.42665895819664, -0.872954785823822, 0.004382381681352854], [-0.5262721180915833, 0.6989983916282654, -0.4841887950897217, 1.1227617263793945]], "pose_refine": [[0.7971200942993164, 0.5981520414352417, -0.08254488557577133, 0.13562682271003723], [0.22784176468849182, -0.4245550334453583, -0.8762657046318054, 0.004666504450142384], [-0.5591847896575928, 0.6796815991401672, -0.47470539808273315, 1.123085618019104]], "score": 0.9395112991333008}], "2/18": [{"bbox_est": [429.0997314453125, 248.7202606201172, 24.27679443359375, 23.130935668945312], "obj_id": 1, "pose_est": [[0.9518452286720276, 0.20040929317474365, -0.23200595378875732, 0.2762121558189392], [-0.1203874722123146, -0.4516388773918152, -0.884041428565979, 0.054462969303131104], [-0.28195297718048096, 0.8694012761116028, -0.40576353669166565, 1.3633183240890503]], "pose_refine": [[0.8435274362564087, 0.521845281124115, -0.12704037129878998, 0.24772201478481293], [0.09623784571886063, -0.3795664608478546, -0.9201454520225525, 0.06164345517754555], [-0.5283938050270081, 0.7639419436454773, -0.3703959584236145, 1.225868582725525]], "score": 0.5870251655578613}], "2/19": [{"bbox_est": [419.0997314453125, 272.671142578125, 25.705352783203125, 25.22918701171875], "obj_id": 1, "pose_est": [[-0.813045084476471, -0.5543294548988342, -0.1779794991016388, 0.2639981210231781], [-0.059406355023384094, 0.38309523463249207, -0.9217965602874756, 0.11192093789577484], [0.5791621208190918, -0.7388890981674194, -0.34440433979034424, 1.4534019231796265]], "pose_refine": [[-0.7414349317550659, -0.6705831289291382, 0.024344274774193764, 0.2653714716434479], [-0.5419410467147827, 0.5770187973976135, -0.6110230684280396, 0.11134515702724457], [0.3956948518753052, -0.46622711420059204, -0.7912383079528809, 1.4450740814208984]], "score": 0.7984645366668701}], "2/20": [{"bbox_est": [427.0461730957031, 267.7306823730469, 27.431549072265625, 28.919647216796875], "obj_id": 1, "pose_est": [[0.7993544936180115, 0.5946317911148071, -0.0862862691283226, 0.2470475435256958], [0.1476898342370987, -0.33364197611808777, -0.9310588836669922, 0.10363786667585373], [-0.5824259519577026, 0.7315024733543396, -0.3545193374156952, 1.2286330461502075]], "pose_refine": [[0.8316382765769958, 0.5458136796951294, -0.10229905694723129, 0.2369244545698166], [0.09169895946979523, -0.3166654706001282, -0.9440942406654358, 0.10644503682851791], [-0.5476940870285034, 0.7757641673088074, -0.3134017288684845, 1.1767152547836304]], "score": 0.3153676986694336}], "2/21": [{"bbox_est": [434.66522216796875, 259.62799072265625, 26.479156494140625, 26.5535888671875], "obj_id": 1, "pose_est": [[0.8289059996604919, 0.5563172101974487, -0.05853167921304703, 0.2738569974899292], [0.17039842903614044, -0.350774347782135, -0.9208266139030457, 0.08410443365573883], [-0.5328031182289124, 0.7533049583435059, -0.3855545222759247, 1.2689924240112305]], "pose_refine": [[0.8397418856620789, 0.5278090238571167, -0.12747861444950104, 0.2534099817276001], [0.09482430666685104, -0.37371546030044556, -0.9226835370063782, 0.08571825176477432], [-0.5346415638923645, 0.7627281546592712, -0.3638737201690674, 1.1715086698532104]], "score": 0.8706421852111816}], "2/22": [{"bbox_est": [436.9122314453125, 280.9989013671875, 20.556549072265625, 9.04986572265625], "obj_id": 1, "pose_est": [[-0.02377406321465969, -0.9992852807044983, 0.029390541836619377, 0.310450941324234], [-0.31098759174346924, -0.02054790034890175, -0.9501919150352478, 0.11775004118680954], [0.9501165151596069, -0.03173001483082771, -0.3102768063545227, 1.4788844585418701]], "pose_refine": [[-0.01627930998802185, -0.9997639656066895, -0.01440153643488884, 0.3092747926712036], [-0.3247353434562683, 0.018909256905317307, -0.9456158876419067, 0.1403808444738388], [0.945664644241333, -0.010717280209064484, -0.3249664604663849, 1.4737639427185059]], "score": 0.47944164276123047}], "2/23": [{"bbox_est": [404.9256286621094, 264.79541015625, 26.91070556640625, 16.6949462890625], "obj_id": 1, "pose_est": [[-0.9637649655342102, 0.2655114233493805, -0.025704195722937584, 0.24764908850193024], [0.061819981783628464, 0.12857697904109955, -0.9897707104682922, 0.0797031968832016], [-0.2594905197620392, -0.9554953575134277, -0.1403319090604782, 1.5221163034439087]], "pose_refine": [[-0.9589096307754517, 0.27610456943511963, 0.0652560368180275, 0.2675181031227112], [-0.002993136178702116, 0.22015056014060974, -0.9754610657691956, 0.09325452148914337], [-0.2836954593658447, -0.935574471950531, -0.21027810871601105, 1.5165425539016724]], "score": 0.1508808135986328}], "2/24": [{"bbox_est": [87.21726989746094, 215.08929443359375, 12.803573608398438, 12.773818969726562], "obj_id": 1, "pose_est": [[-0.5447908639907837, -0.6357320547103882, 0.5468526482582092, -0.10186795145273209], [-0.8186354637145996, 0.5445460081100464, -0.1824985295534134, 0.003600167343392968], [-0.18176624178886414, -0.5470964908599854, -0.817096471786499, 0.23864644765853882]], "pose_refine": [[-0.603980302810669, -0.6746649742126465, 0.4243057668209076, -0.10422150045633316], [-0.7969006299972534, 0.5195921659469604, -0.30817797780036926, 0.013157018460333347], [-0.012549083679914474, -0.5242629647254944, -0.8514641523361206, 0.23950228095054626]], "score": 0.4442176818847656}], "2/25": [{"bbox_est": [415.6845397949219, 289.389892578125, 29.202392578125, 40.83929443359375], "obj_id": 1, "pose_est": [[0.9087792634963989, 0.41650164127349854, -0.02543117105960846, 0.22058044373989105], [0.1058473289012909, -0.2890462279319763, -0.9514455199241638, 0.14254215359687805], [-0.4036293923854828, 0.8619621396064758, -0.30676478147506714, 1.177341103553772]], "pose_refine": [[0.8921360969543457, 0.4508811831474304, -0.02827124111354351, 0.2217896282672882], [0.13044705986976624, -0.3170119524002075, -0.939407467842102, 0.14316485822200775], [-0.43252357840538025, 0.834391713142395, -0.34163397550582886, 1.1825318336486816]], "score": 0.7511210441589355}], "2/26": [{"bbox_est": [434.35272216796875, 265.327392578125, 29.9613037109375, 45.15478515625], "obj_id": 1, "pose_est": [[0.8255184292793274, 0.5620983839035034, -0.05064089596271515, 0.26408931612968445], [0.15167343616485596, -0.3073877990245819, -0.9394188523292542, 0.09233822673559189], [-0.5436123013496399, 0.7678267359733582, -0.33900976181030273, 1.195999264717102]], "pose_refine": [[0.8584210276603699, 0.5120697021484375, -0.029960259795188904, 0.2628077566623688], [0.12653322517871857, -0.26799672842025757, -0.9550744295120239, 0.09303725510835648], [-0.49709415435791016, 0.8160650730133057, -0.2948479652404785, 1.1926294565200806]], "score": 0.7968549728393555}], "2/28": [{"bbox_est": [430.9970397949219, 276.7708435058594, 32.86309814453125, 34.172637939453125], "obj_id": 1, "pose_est": [[0.8850595355033875, 0.4537774920463562, 0.10371016710996628, 0.25189054012298584], [0.3264877200126648, -0.44637250900268555, -0.8331611156463623, 0.0945277065038681], [-0.33177638053894043, 0.7712572813034058, -0.5432189106941223, 1.1539415121078491]], "pose_refine": [[0.8481769561767578, 0.5285980701446533, -0.034351784735918045, 0.2493671476840973], [0.2531590163707733, -0.4614696204662323, -0.8502683639526367, 0.09098870307207108], [-0.4653024971485138, 0.7124815583229065, -0.5252271890640259, 1.1436165571212769]], "score": 0.8892674446105957}], "2/29": [{"bbox_est": [336.51788330078125, 183.9285888671875, 92.7738037109375, 116.047607421875], "obj_id": 1, "pose_est": [[0.908077597618103, 0.4087326228618622, 0.09128377586603165, 0.07006450742483139], [0.3121320307254791, -0.5151922702789307, -0.7982171177864075, 0.0034847198985517025], [-0.27922868728637695, 0.7533356547355652, -0.595413088798523, 0.5754289627075195]], "pose_refine": [[0.8894830346107483, 0.39822548627853394, 0.22413474321365356, 0.07086047530174255], [0.42682361602783203, -0.5488148331642151, -0.7187656760215759, 0.0032702689059078693], [-0.16322238743305206, 0.7349957823753357, -0.6581335663795471, 0.5774222612380981]], "score": 0.34770965576171875}], "2/30": [{"bbox_est": [375.9300842285156, 225.84078979492188, 28.7113037109375, 27.4613037109375], "obj_id": 1, "pose_est": [[0.891152560710907, 0.4456902742385864, -0.08489540964365005, 0.13941898941993713], [0.21617363393306732, -0.58161461353302, -0.7842151522636414, -0.02274535410106182], [-0.39889347553253174, 0.6805031895637512, -0.6146538853645325, 1.1976516246795654]], "pose_refine": [[0.9220653772354126, 0.35804980993270874, -0.14695504307746887, 0.13694165647029877], [0.10163265466690063, -0.5903661251068115, -0.8007111549377441, -0.03043588250875473], [-0.373451828956604, 0.7233725786209106, -0.5807457566261292, 1.2139774560928345]], "score": 0.33243870735168457}], "2/31": [{"bbox_est": [388.4226379394531, 254.56846618652344, 31.821441650390625, 15.720230102539062], "obj_id": 1, "pose_est": [[0.8757120966911316, 0.4725784957408905, 0.09898368269205093, 0.1325199156999588], [0.4414158761501312, -0.700516939163208, -0.5607388615608215, 0.01815756782889366], [-0.19565337896347046, 0.5347387790679932, -0.822054922580719, 0.9330750107765198]], "pose_refine": [[0.89845871925354, 0.4353505074977875, 0.05693712458014488, 0.13108423352241516], [0.38908639550209045, -0.7293918132781982, -0.5626715421676636, -0.0010732720838859677], [-0.2034299373626709, 0.5276906490325928, -0.8247175812721252, 0.9396904706954956]], "score": 0.41073131561279297}], "2/32": [{"bbox_est": [341.4583435058594, 173.48214721679688, 95.27383422851562, 121.2261962890625], "obj_id": 1, "pose_est": [[0.15871478617191315, -0.8153570890426636, -0.556778609752655, 0.054947637021541595], [-0.5125197172164917, 0.4139570891857147, -0.7523051500320435, -0.02180110104382038], [0.8438796997070312, 0.4047619700431824, -0.35218554735183716, 0.5054282546043396]], "pose_refine": [[0.18570975959300995, -0.7612943649291992, -0.6212428212165833, 0.05394976586103439], [-0.4838279187679291, 0.47943824529647827, -0.7321538329124451, -0.022724807262420654], [0.8552322387695312, 0.436542809009552, -0.27929922938346863, 0.505039393901825]], "score": 0.053272128105163574}], "2/33": [{"bbox_est": [336.6964416503906, 180.02976989746094, 95.27383422851562, 119.08335876464844], "obj_id": 1, "pose_est": [[0.9661304354667664, -0.15589123964309692, -0.20564554631710052, 0.05358150228857994], [-0.24915073812007904, -0.3559749126434326, -0.9006696343421936, -0.0025463374331593513], [0.06720186024904251, 0.9214010834693909, -0.3827585279941559, 0.541053295135498]], "pose_refine": [[0.9756489992141724, -0.15096387267112732, -0.15911945700645447, 0.05449437350034714], [-0.200063556432724, -0.31512925028800964, -0.9277217984199524, 0.008063438348472118], [0.08990933001041412, 0.9369649887084961, -0.3376578688621521, 0.5422856211662292]], "score": 0.05859196186065674}], "2/34": [{"bbox_est": [492.4256286621094, 92.27679443359375, 37.148834228515625, 37.92262268066406], "obj_id": 1, "pose_est": [[0.9137092232704163, 0.3953457474708557, 0.09400613605976105, 0.42230162024497986], [0.31456729769706726, -0.5416610836982727, -0.7795194983482361, -0.29254424571990967], [-0.257260262966156, 0.7418254017829895, -0.6192835569381714, 1.2877206802368164]], "pose_refine": [[0.920864462852478, 0.3876418471336365, 0.04174131155014038, 0.42826980352401733], [0.2671410143375397, -0.5493538975715637, -0.7917362451553345, -0.29363784193992615], [-0.2839793562889099, 0.7402325868606567, -0.609435498714447, 1.3003709316253662]], "score": 0.010479867458343506}], "2/35": [{"bbox_est": [534.4866333007812, 108.79464721679688, 29.21728515625, 32.744049072265625], "obj_id": 1, "pose_est": [[0.9208614826202393, 0.35595959424972534, -0.159081369638443, 0.548778772354126], [0.13047152757644653, -0.6658298373222351, -0.7346072196960449, -0.2814379632472992], [-0.36741161346435547, 0.6557158827781677, -0.6595796942710876, 1.397802472114563]], "pose_refine": [[0.9974400997161865, 0.060744814574718475, -0.03772648051381111, 0.5588772296905518], [0.011542510241270065, -0.6574474573135376, -0.7534118890762329, -0.287078857421875], [-0.07056905329227448, 0.7510478496551514, -0.6564656496047974, 1.4279536008834839]], "score": 0.09506553411483765}], "2/37": [{"bbox_est": [393.1622314453125, 219.68751525878906, 20.4375, 32.625], "obj_id": 1, "pose_est": [[0.9459444284439087, 0.32390329241752625, -0.01660817302763462, 0.14538522064685822], [0.27181458473205566, -0.819676399230957, -0.504229724407196, -0.009859076701104641], [-0.17693497240543365, 0.47245898842811584, -0.8634099364280701, 1.1084163188934326]], "pose_refine": [[0.8851947784423828, 0.4651963710784912, -0.004773943684995174, 0.1427328884601593], [0.4218789041042328, -0.807009220123291, -0.4132247567176819, -0.011582898907363415], [-0.19608324766159058, 0.36377039551734924, -0.9106167554855347, 1.1069999933242798]], "score": 0.7537422180175781}], "2/42": [{"bbox_est": [423.4598388671875, 211.6815643310547, 16.508941650390625, 18.63690185546875], "obj_id": 1, "pose_est": [[-0.5367680191993713, -0.8244840502738953, -0.17918169498443604, 0.31781089305877686], [0.008426865562796593, 0.2071191966533661, -0.9782794117927551, -0.07091914117336273], [0.8436877727508545, -0.526619017124176, -0.10422714054584503, 1.7916332483291626]], "pose_refine": [[-0.5525559782981873, -0.8156251311302185, -0.1715737283229828, 0.3199518620967865], [-0.0812978595495224, 0.2576140761375427, -0.9628216028213501, -0.08783630281686783], [0.8295012712478638, -0.5180642604827881, -0.2086547613143921, 1.795828104019165]], "score": 0.2499997615814209}], "2/43": [{"bbox_est": [371.577392578125, 156.07144165039062, 115.98812866210938, 112.23809814453125], "obj_id": 1, "pose_est": [[0.8327078819274902, 0.5479550361633301, 0.07964219152927399, 0.10815905779600143], [0.26536697149276733, -0.2686867415904999, -0.9259523153305054, -0.032418325543403625], [-0.4859815239906311, 0.792182207107544, -0.3691467046737671, 0.5810843110084534]], "pose_refine": [[0.833000123500824, 0.5486593246459961, 0.07129954546689987, 0.09802151471376419], [0.2653255760669708, -0.28305602073669434, -0.9216729998588562, -0.06388416886329651], [-0.4855029582977295, 0.7866714596748352, -0.38135915994644165, 0.5814735293388367]], "score": 0.2448434829711914}], "2/44": [{"bbox_est": [197.32144165039062, 139.97024536132812, 41.16667175292969, 43.48809814453125], "obj_id": 1, "pose_est": [[0.03680434450507164, 0.9832040071487427, -0.17876040935516357, -0.24305781722068787], [0.7629979252815247, -0.14316733181476593, -0.630346953868866, -0.17627236247062683], [-0.6453522443771362, -0.11319432407617569, -0.7554518580436707, 1.2380073070526123]], "pose_refine": [[0.11593785881996155, 0.9847493171691895, -0.1297193169593811, -0.2402527779340744], [0.8892036080360413, -0.16109642386436462, -0.4282112121582031, -0.17610083520412445], [-0.442577987909317, -0.06570102274417877, -0.8943199515342712, 1.223076581954956]], "score": 0.027591481804847717}], "2/45": [{"bbox_est": [463.33709716796875, 92.9464340209961, 6.27825927734375, 11.345237731933594], "obj_id": 1, "pose_est": [[0.24499395489692688, -0.875681459903717, -0.4161246120929718, 0.06566493213176727], [-0.9546792507171631, -0.14307089149951935, -0.2609942555427551, -0.06652437150478363], [0.16901254653930664, 0.4612075686454773, -0.8710466623306274, 0.27843621373176575]], "pose_refine": [[0.37975430488586426, -0.8362734317779541, -0.39551660418510437, 0.04975578188896179], [-0.9166030883789062, -0.2823750078678131, -0.28302526473999023, -0.031156452372670174], [0.12500253319740295, 0.4700116813182831, -0.8737639784812927, 0.2787511348724365]], "score": 0.02300599217414856}], "2/46": [{"bbox_est": [351.7857360839844, 148.15476989746094, 132.23809814453125, 115.69047546386719], "obj_id": 1, "pose_est": [[0.683630645275116, 0.7293198108673096, -0.02723424695432186, 0.09431149065494537], [0.2742587924003601, -0.29130053520202637, -0.9164749383926392, -0.039515335112810135], [-0.6763365268707275, 0.6190611124038696, -0.3991644084453583, 0.5181900262832642]], "pose_refine": [[0.6428797841072083, 0.765964150428772, 0.0020987424068152905, 0.10583208501338959], [0.3041882812976837, -0.2527911067008972, -0.9184585213661194, -0.042775705456733704], [-0.7029758095741272, 0.5910969972610474, -0.3955116868019104, 0.5227048397064209]], "score": 0.09969884157180786}], "2/48": [{"bbox_est": [394.94049072265625, 154.95909118652344, 14.5, 16.84375], "obj_id": 1, "pose_est": [[0.07493031024932861, -0.9775490760803223, -0.1969345659017563, 0.15136663615703583], [-0.6817115545272827, 0.09391710162162781, -0.7255679965019226, -0.1558985412120819], [0.727773904800415, 0.18861959874629974, -0.6593692302703857, 1.1612777709960938]], "pose_refine": [[0.11861282587051392, -0.973854124546051, -0.19374914467334747, 0.12507210671901703], [-0.6523951292037964, 0.07066387683153152, -0.7545772790908813, -0.16775868833065033], [0.7485395073890686, 0.21590358018875122, -0.6269561648368835, 1.1628578901290894]], "score": 0.22414612770080566}], "2/49": [{"bbox_est": [396.0937805175781, 169.73214721679688, 14.09820556640625, 16.345245361328125], "obj_id": 1, "pose_est": [[0.7048392295837402, -0.6777957677841187, -0.20927122235298157, 0.20749516785144806], [-0.2900051176548004, -0.006098114885389805, -0.9570056200027466, -0.1729021668434143], [0.6473782062530518, 0.7352248430252075, -0.20086245238780975, 1.5204887390136719]], "pose_refine": [[0.7565050721168518, -0.631995677947998, -0.1681714802980423, 0.2102961242198944], [-0.2295331060886383, -0.015796136111021042, -0.973172664642334, -0.14428633451461792], [0.6123844385147095, 0.7748108506202698, -0.15701378881931305, 1.5218814611434937]], "score": 0.22926807403564453}], "2/51": [{"bbox_est": [436.51043701171875, 216.59226989746094, 28.02679443359375, 38.81549072265625], "obj_id": 1, "pose_est": [[0.939631462097168, 0.3168306350708008, -0.12927144765853882, 0.27535486221313477], [0.05388529598712921, -0.5100667476654053, -0.8584452271461487, -0.026882274076342583], [-0.33791884779930115, 0.7996562719345093, -0.4963472783565521, 1.2779951095581055]], "pose_refine": [[0.9553971886634827, 0.2587979733943939, -0.1422673612833023, 0.2714139521121979], [0.0395602285861969, -0.5895428657531738, -0.8067679405212402, -0.02934553287923336], [-0.29266253113746643, 0.7651554346084595, -0.5734854936599731, 1.271464467048645]], "score": 0.8550510406494141}], "2/52": [{"bbox_est": [441.6518249511719, 224.6131134033203, 32.029754638671875, 42.29762268066406], "obj_id": 1, "pose_est": [[0.9102491736412048, 0.35736793279647827, -0.20912820100784302, 0.2892359793186188], [-0.00544721819460392, -0.4946872293949127, -0.8690540194511414, -0.00017274319543503225], [-0.41402506828308105, 0.7921948432922363, -0.4483419954776764, 1.265017032623291]], "pose_refine": [[0.9670111536979675, 0.22143898904323578, -0.12591272592544556, 0.2767603397369385], [0.010700507089495659, -0.5291669368743896, -0.848450243473053, -0.002951496746391058], [-0.25450876355171204, 0.8191136121749878, -0.5140799283981323, 1.2232426404953003]], "score": 0.8030211925506592}], "2/53": [{"bbox_est": [419.01043701171875, 279.1369323730469, 29.693450927734375, 42.297607421875], "obj_id": 1, "pose_est": [[0.9668563008308411, 0.235841765999794, -0.09781373292207718, 0.20815409719944], [0.032521314918994904, -0.49373725056648254, -0.8690029382705688, 0.10428617149591446], [-0.2532414197921753, 0.8370199203491211, -0.48504287004470825, 1.1325786113739014]], "pose_refine": [[0.9805546998977661, 0.18737594783306122, -0.05833301693201065, 0.21730844676494598], [0.038553934544324875, -0.47538208961486816, -0.8789345622062683, 0.11018259823322296], [-0.1924215853214264, 0.859594464302063, -0.4733622372150421, 1.1952311992645264]], "score": 0.8663406372070312}], "2/54": [{"bbox_est": [456.6294860839844, 239.10716247558594, 26.360137939453125, 44.26191711425781], "obj_id": 1, "pose_est": [[0.944657027721405, 0.3198613226413727, -0.07288287580013275, 0.2948690950870514], [0.07515095919370651, -0.4272470474243164, -0.9010062217712402, 0.03302086144685745], [-0.31933608651161194, 0.8456646800041199, -0.42763975262641907, 1.1788901090621948]], "pose_refine": [[0.9642984867095947, 0.2632405757904053, -0.028859134763479233, 0.2916736304759979], [0.09625957161188126, -0.4499516487121582, -0.8878496885299683, 0.03156976029276848], [-0.24670332670211792, 0.8533743619918823, -0.4592270851135254, 1.1740851402282715]], "score": 0.38754475116729736}], "2/55": [{"bbox_est": [461.0788879394531, 207.87203979492188, 27.9375, 48.16072082519531], "obj_id": 1, "pose_est": [[0.9576083421707153, 0.26908987760543823, -0.1028430387377739, 0.30169016122817993], [0.030830688774585724, -0.4506862461566925, -0.892149806022644, -0.02666594833135605], [-0.28641843795776367, 0.8511593341827393, -0.4398772120475769, 1.1776150465011597]], "pose_refine": [[0.9685168266296387, 0.2381945550441742, -0.07237447053194046, 0.2957153618335724], [0.03456621989607811, -0.41657567024230957, -0.9084433913230896, -0.025750260800123215], [-0.2465357780456543, 0.8773411512374878, -0.41169416904449463, 1.1653404235839844]], "score": 0.7976531982421875}], "2/56": [{"bbox_est": [457.9910888671875, 223.95834350585938, 29.827392578125, 50.75], "obj_id": 1, "pose_est": [[0.959087073802948, 0.27583178877830505, -0.06378810852766037, 0.2957904040813446], [0.05328921601176262, -0.397167831659317, -0.9161975979804993, 0.006830117199569941], [-0.2780509889125824, 0.8753140568733215, -0.39561736583709717, 1.1720272302627563]], "pose_refine": [[0.9709140062332153, 0.23658908903598785, -0.03676063194870949, 0.2879026532173157], [0.055243443697690964, -0.37075626850128174, -0.9270855188369751, 0.007394593209028244], [-0.2329675853252411, 0.8980898261070251, -0.373042494058609, 1.1476942300796509]], "score": 0.4574904441833496}], "2/57": [{"bbox_est": [461.66668701171875, 248.02084350585938, 26.76190185546875, 47.86309814453125], "obj_id": 1, "pose_est": [[0.813765823841095, 0.5289293527603149, -0.2408713400363922, 0.30768540501594543], [0.0023068019654601812, -0.417379230260849, -0.9087295532226562, 0.057012420147657394], [-0.5811883211135864, 0.7389374375343323, -0.34086906909942627, 1.1578454971313477]], "pose_refine": [[0.8541644811630249, 0.4899289309978485, -0.17427824437618256, 0.3033459484577179], [-0.0064574312418699265, -0.32512912154197693, -0.9456477761268616, 0.05740314722061157], [-0.5199627876281738, 0.8088640570640564, -0.2745499610900879, 1.1432640552520752]], "score": 0.778048038482666}], "2/59": [{"bbox_est": [385.6845397949219, 144.61309814453125, 116.82144165039062, 98.96429443359375], "obj_id": 1, "pose_est": [[0.9723965525627136, 0.21540062129497528, -0.08970800787210464, 0.11320608854293823], [-0.016927622258663177, -0.318325936794281, -0.9478302001953125, -0.04017522186040878], [-0.23271958529949188, 0.923185408115387, -0.30589279532432556, 0.5783299803733826]], "pose_refine": [[0.9667068123817444, 0.18919962644577026, -0.17228244245052338, 0.11942083388566971], [-0.10009514540433884, -0.3400314748287201, -0.9350719451904297, -0.03289381414651871], [-0.23549672961235046, 0.9211851358413696, -0.3097727298736572, 0.5811930894851685]], "score": 0.15250349044799805}], "2/60": [{"bbox_est": [429.87353515625, 180.5357208251953, 32.25299072265625, 37.595245361328125], "obj_id": 1, "pose_est": [[0.9617494344711304, -0.06773150712251663, -0.2654254138469696, 0.23208875954151154], [-0.2717159688472748, -0.3588510751724243, -0.8929705619812012, -0.08522835373878479], [-0.03476596623659134, 0.9309343099594116, -0.3635284900665283, 1.1579747200012207]], "pose_refine": [[0.9463045001029968, -0.010113412514328957, -0.3231179714202881, 0.23488004505634308], [-0.28994083404541016, -0.46860426664352417, -0.8344724178314209, -0.0885738730430603], [-0.14297515153884888, 0.8833505511283875, -0.4463747441768646, 1.1836715936660767]], "score": 0.6814672946929932}], "2/63": [{"bbox_est": [234.389892578125, 171.90476989746094, 54.172637939453125, 47.23809814453125], "obj_id": 1, "pose_est": [[0.2642458975315094, -0.9621380567550659, 0.06681673973798752, -0.13279876112937927], [-0.20620131492614746, -0.12403755635023117, -0.9706161022186279, -0.09797486662864685], [0.9421545267105103, 0.2427036166191101, -0.23117054998874664, 1.128469705581665]], "pose_refine": [[0.3677670359611511, -0.9294574856758118, 0.029265623539686203, -0.1420598328113556], [-0.27006638050079346, -0.13686858117580414, -0.9530642032623291, -0.09772632271051407], [0.8898379802703857, 0.34260183572769165, -0.30135083198547363, 1.134987473487854]], "score": 0.04127979278564453}], "2/66": [{"bbox_est": [407.5595397949219, 268.07293701171875, 11.64288330078125, 8.235107421875], "obj_id": 1, "pose_est": [[-0.20999599993228912, -0.9495936036109924, 0.23275281488895416, 0.0869317576289177], [-0.8678854703903198, 0.07143132388591766, -0.49160200357437134, 0.042211323976516724], [0.45019620656967163, -0.3052372336387634, -0.8391386866569519, 0.5382265448570251]], "pose_refine": [[-0.22188563644886017, -0.9440103769302368, 0.24415457248687744, 0.1164977177977562], [-0.8662347793579102, 0.07587979733943939, -0.4938417971134186, -0.0043869116343557835], [0.44766542315483093, -0.321071594953537, -0.8345713019371033, 0.5420730113983154]], "score": 0.04572674632072449}], "2/67": [{"bbox_est": [439.9330749511719, 235.69383239746094, 14.038665771484375, 9.183792114257812], "obj_id": 1, "pose_est": [[-0.1709049791097641, -0.8602409362792969, 0.4803926944732666, 0.30182212591171265], [-0.637101948261261, -0.27543875575065613, -0.7198851704597473, 0.0004147810104768723], [0.7515934109687805, -0.42909109592437744, -0.5009872317314148, 1.3899809122085571]], "pose_refine": [[-0.19223691523075104, -0.8821929693222046, 0.42986124753952026, 0.3198627233505249], [-0.6267299652099609, -0.22670111060142517, -0.7455307245254517, -0.009212546050548553], [0.7551519274711609, -0.4127254784107208, -0.5093163251876831, 1.3921384811401367]], "score": 0.17888545989990234}], "2/68": [{"bbox_est": [370.1339416503906, 246.1756134033203, 29.3511962890625, 43.45832824707031], "obj_id": 1, "pose_est": [[0.9654214978218079, 0.04043213650584221, -0.2575393617153168, 0.11778933554887772], [-0.23646089434623718, -0.2801271080970764, -0.9303843975067139, 0.05163395032286644], [-0.10976117104291916, 0.9591110944747925, -0.26088014245033264, 1.2362916469573975]], "pose_refine": [[0.9675003886222839, 0.04082720726728439, -0.24955187737941742, 0.11480802297592163], [-0.22710536420345306, -0.2937028706073761, -0.9285266995429993, 0.0517256073653698], [-0.11120324581861496, 0.9550244808197021, -0.27488553524017334, 1.2314120531082153]], "score": 0.22001075744628906}], "2/70": [{"bbox_est": [469.49407958984375, 228.79466247558594, 26.821441650390625, 47.26786804199219], "obj_id": 1, "pose_est": [[0.8863864541053772, 0.39792799949645996, -0.23658481240272522, 0.3257128894329071], [-0.10343989729881287, -0.32788434624671936, -0.9390377402305603, 0.01444854773581028], [-0.4512419104576111, 0.856822669506073, -0.24947062134742737, 1.1672488451004028]], "pose_refine": [[0.8826558589935303, 0.35938429832458496, -0.3029215931892395, 0.32458242774009705], [-0.10900223255157471, -0.470402330160141, -0.8756941556930542, 0.01336949598044157], [-0.45720574259757996, 0.805955708026886, -0.37602970004081726, 1.1602643728256226]], "score": 0.8297381401062012}], "2/71": [{"bbox_est": [433.53424072265625, 226.47323608398438, 24.931549072265625, 43.33929443359375], "obj_id": 1, "pose_est": [[0.8781274557113647, 0.3535618782043457, -0.3223138749599457, 0.2660336196422577], [-0.17976729571819305, -0.3804897367954254, -0.9071446061134338, 0.008582817390561104], [-0.4433688223361969, 0.8545300960540771, -0.2705596089363098, 1.2493616342544556]], "pose_refine": [[0.8612021207809448, 0.39059799909591675, -0.32521364092826843, 0.26452895998954773], [-0.14767931401729584, -0.41994908452033997, -0.8954516649246216, 0.008260882459580898], [-0.48633480072021484, 0.8191924095153809, -0.3039778172969818, 1.2341885566711426]], "score": 0.47716712951660156}], "2/73": [{"bbox_est": [418.4896240234375, 206.72621154785156, 18.830352783203125, 46.642852783203125], "obj_id": 1, "pose_est": [[0.8662598729133606, 0.2634432911872864, -0.4244897961616516, 0.215438574552536], [-0.2632298171520233, -0.4814862906932831, -0.8359909653663635, -0.028862755745649338], [-0.4246223270893097, 0.8359237909317017, -0.3477460741996765, 1.1845543384552002]], "pose_refine": [[0.8572844862937927, 0.2643136978149414, -0.4418167769908905, 0.21639004349708557], [-0.24570044875144958, -0.5440897941589355, -0.8022453784942627, -0.029310554265975952], [-0.45243245363235474, 0.796306848526001, -0.401497483253479, 1.170255184173584]], "score": 0.655479907989502}], "2/74": [{"bbox_est": [402.9762268066406, 221.77084350585938, 22.714263916015625, 46.077392578125], "obj_id": 1, "pose_est": [[0.8669787645339966, 0.22020533680915833, -0.44705435633659363, 0.19595520198345184], [-0.3198309540748596, -0.4420897960662842, -0.8380123972892761, 0.0016197421355172992], [-0.38217300176620483, 0.8695207834243774, -0.31285393238067627, 1.2424306869506836]], "pose_refine": [[0.890190601348877, 0.13901785016059875, -0.433860719203949, 0.1953868567943573], [-0.32144880294799805, -0.4831911623477936, -0.814369261264801, 0.0009177270112559199], [-0.32284948229789734, 0.8644077181816101, -0.3854449987411499, 1.2348078489303589]], "score": 0.8021867275238037}], "2/75": [{"bbox_est": [382.7455749511719, 234.077392578125, 24.127960205078125, 42.892852783203125], "obj_id": 1, "pose_est": [[0.8437679409980774, 0.23719222843647003, -0.48145148158073425, 0.15523673593997955], [-0.38303178548812866, -0.3622426390647888, -0.8497452139854431, 0.025565918534994125], [-0.375955194234848, 0.9013989567756653, -0.21479655802249908, 1.2609599828720093]], "pose_refine": [[0.839870810508728, 0.17510148882865906, -0.5137670636177063, 0.1500225067138672], [-0.39805465936660767, -0.44480469822883606, -0.8023098111152649, 0.022399496287107468], [-0.36901161074638367, 0.878343939781189, -0.303878515958786, 1.2155730724334717]], "score": 0.8197174072265625}], "2/76": [{"bbox_est": [539.2708740234375, 239.0178680419922, 42.50592041015625, 57.29762268066406], "obj_id": 1, "pose_est": [[0.22817303240299225,